1, 0.000000, 0 
2, 0.000000, 0 
3, 0.000000, 7.000000 
3, 10000.000000, 7.000000 
3, 20000.000000, 7.000000 
3, 30000.000000, 7.000000 
3, 40000.000000, 7.000000 
3, 50000.000000, 7.000000 
3, 60000.000000, 7.000000 
3, 70000.000000, 7.000000 
3, 80000.000000, 7.000000 
3, 90000.000000, 7.000000 
3, 100000.000000, 7.000000 
3, 80000.000000, 7.000000 
3, 60000.000000, 7.000000 
3, 40000.000000, 7.000000 
3, 20000.000000, 7.000000 
3, 0.000000, 7.000000 
3, -20000.000000, 7.000000 
3, -40000.000000, 7.000000 
3, -60000.000000, 7.000000 
3, -80000.000000, 7.000000 
3, -100000.000000, 7.000000 
3, -90000.000000, 7.000000 
3, -80000.000000, 7.000000 
3, -70000.000000, 7.000000 
3, -60000.000000, 7.000000 
3, -50000.000000, 7.000000 
3, -40000.000000, 7.000000 
3, -30000.000000, 7.000000 
3, -20000.000000, 7.000000 
3, -10000.000000, 7.000000 
3, 0.000000, 7.000000 
